2307    791.22   
2307    400.80 cr
2307    684.00   
2307    368.96   

3018    807.58   
3018    816.88 cr
3018    954.50 cr

3919    234.20   
3919     66.01 cr

2421    122.58   
2421    729.53   
2421    126.43   

1716      6.86 cr
1716    498.48   
1716    786.84   
1716    591.72   

3020    473.63 cr

2316    271.03   

2804     84.77 cr
2804    972.49 cr
2804    364.77   
2804    947.30 cr

1018    587.74   
1018    357.61   
1018    152.89   

1813    869.79 cr
1813    701.46 cr
1813    853.77 cr
1813     88.96   

3411    102.10   
3411    757.76   
3411    363.50 cr

0412    653.99   
0412    590.89 cr
0412    358.16   

3515    644.97   
3515    694.99   
3515    265.48   
3515    596.81 cr

4011    765.30   
4011    328.68 cr

1017    239.57 cr

1519    637.47   
1519    531.48 cr
1519    867.91   
1519    706.25 cr

1302    358.32   
1302    595.66 cr
1302     34.97   
1302    445.15 cr

0118    359.28   
0118    934.94   

0014    321.31   
0014    214.07   
0014    782.79   
0014    794.53   

1603    566.28 cr
1603    345.38   

0620    790.60   
0620    313.41   
0620    998.74   
0620    179.27   

0300    984.29   
0300    726.57   

1102    876.78   
1102    187.58   
1102    643.71   
1102    861.74   

4021    288.26 cr
4021    178.54 cr
4021    218.05   

0714    625.59   
0714    503.22   

0813    474.51 cr
0813    349.09   

4010     23.49   
4010    248.77 cr
4010    738.71   

3700    586.92 cr
3700    928.64 cr

2009    814.49 cr
2009    590.54   
2009    580.71 cr
2009    263.07   

3422    583.51   
3422    109.83 cr

4017    681.57   

1815    989.81   
1815    930.64   

0814    417.02   
0814    508.16   
0814    974.00   
0814    114.33   

2520    407.46 cr
2520    234.18 cr

2219    718.20   
2219    639.41   
2219    710.77   
2219    276.76 cr

3822    645.98   
3822    435.40   
3822    543.36   

3310    557.04   
3310    411.50   
3310    932.64   

3212    458.98   
3212    816.53   
